,time,size,direction
0,0.0,40.0,-1.0
1,0.0001544952392578125,52.0,-1.0
2,0.0033180713653564453,40.0,-1.0
3,0.0040051937103271484,40.0,-1.0
4,0.00566864013671875,40.0,-1.0
5,0.0056705474853515625,40.0,-1.0
6,0.01172637939453125,1500.0,1.0
7,0.013976812362670898,40.0,1.0
8,0.014399528503417969,1500.0,1.0
9,0.014932632446289062,1500.0,1.0
10,0.014963865280151367,1500.0,1.0
11,0.016960859298706055,933.0,1.0
12,0.018288373947143555,298.0,1.0
13,0.027595043182373047,40.0,-1.0
14,0.030029773712158203,40.0,-1.0
15,0.030257701873779297,40.0,-1.0
16,0.030781269073486328,40.0,-1.0
17,0.03078293800354004,40.0,-1.0
18,0.03274869918823242,40.0,-1.0
19,0.034696340560913086,40.0,-1.0
20,0.03764533996582031,1500.0,-1.0
21,0.03777265548706055,1500.0,-1.0
22,0.03786945343017578,1500.0,-1.0
23,0.03805088996887207,1035.0,-1.0
24,0.04003310203552246,40.0,1.0
25,0.04054403305053711,40.0,1.0
26,0.040682077407836914,40.0,1.0
27,0.04137420654296875,40.0,1.0
28,0.042757272720336914,271.0,1.0
29,0.04370307922363281,176.0,1.0
30,0.04564404487609863,1500.0,1.0
31,0.04567408561706543,1500.0,1.0
32,0.04569602012634277,1437.0,1.0
33,0.05245018005371094,122.0,1.0
34,0.05847024917602539,40.0,-1.0
35,0.059471845626831055,40.0,-1.0
36,0.06002068519592285,78.0,1.0
37,0.06164050102233887,40.0,-1.0
38,0.06187129020690918,40.0,-1.0
39,0.06187319755554199,40.0,-1.0
40,0.06813883781433105,40.0,-1.0
41,0.0756990909576416,40.0,-1.0
42,0.08633303642272949,274.0,1.0
43,0.08691954612731934,1500.0,1.0
44,0.08694958686828613,1500.0,1.0
45,0.08697319030761719,1500.0,1.0
46,0.08699440956115723,230.0,1.0
47,0.1000978946685791,133.0,-1.0
48,0.10009980201721191,78.0,-1.0
49,0.1017916202545166,40.0,1.0
50,0.10307645797729492,40.0,-1.0
51,0.10328125953674316,40.0,-1.0
52,0.11752605438232422,82.0,-1.0
53,0.16361331939697266,40.0,1.0
54,0.16492223739624023,1500.0,1.0
55,0.16495656967163086,1500.0,1.0
56,0.1649787425994873,1500.0,1.0
57,0.16500115394592285,1500.0,1.0
58,0.1662750244140625,718.0,1.0
59,0.17655396461486816,158.0,1.0
60,0.18096923828125,40.0,-1.0
61,0.18132281303405762,40.0,-1.0
62,0.19056224822998047,158.0,1.0
63,0.19225478172302246,40.0,-1.0
64,0.1989288330078125,133.0,-1.0
65,0.1989307403564453,78.0,-1.0
66,0.20703649520874023,40.0,1.0
67,0.20731163024902344,40.0,1.0
68,0.21868658065795898,166.0,1.0
69,0.2286081314086914,158.0,1.0
70,0.2347853183746338,91.0,-1.0
71,0.24217772483825684,158.0,1.0
72,0.2423543930053711,40.0,1.0
73,0.24500393867492676,40.0,-1.0
74,0.24631166458129883,752.0,1.0
75,0.25346946716308594,158.0,1.0
76,0.26845455169677734,386.0,-1.0
77,0.26929259300231934,40.0,-1.0
78,0.2705366611480713,71.0,1.0
79,0.27066779136657715,40.0,1.0
80,0.27667689323425293,158.0,1.0
81,0.2770404815673828,133.0,-1.0
82,0.2770423889160156,78.0,-1.0
83,0.27890777587890625,40.0,1.0
84,0.28636908531188965,40.0,-1.0
85,0.28637123107910156,40.0,-1.0
86,0.2880253791809082,40.0,1.0
87,0.3029453754425049,158.0,1.0
88,0.31862926483154297,40.0,-1.0
89,0.3301980495452881,158.0,1.0
90,0.33715367317199707,158.0,1.0
91,0.35161638259887695,158.0,1.0
92,0.35381269454956055,40.0,-1.0
93,0.38606858253479004,158.0,1.0
94,0.40053248405456543,158.0,1.0
95,0.4030141830444336,40.0,-1.0
96,0.41365504264831543,158.0,1.0
97,0.43086910247802734,40.0,-1.0
98,0.43413519859313965,158.0,1.0
99,0.46187591552734375,158.0,1.0
100,0.47925829887390137,40.0,-1.0
101,0.49089956283569336,275.0,1.0
102,0.49150919914245605,176.0,1.0
103,0.49153757095336914,1500.0,1.0
104,0.491591215133667,1500.0,1.0
105,0.49161410331726074,1431.0,1.0
106,0.4916665554046631,122.0,1.0
107,0.5086767673492432,40.0,-1.0
108,0.5090470314025879,40.0,-1.0
109,0.5090494155883789,40.0,-1.0
110,0.5359225273132324,432.0,1.0
111,0.5446817874908447,158.0,1.0
112,0.5609884262084961,158.0,1.0
113,0.5619263648986816,40.0,-1.0
114,0.5725288391113281,158.0,1.0
115,0.59017014503479,40.0,-1.0
116,0.593238115310669,158.0,1.0
117,0.6209700107574463,158.0,1.0
118,0.6384410858154297,40.0,-1.0
119,0.6439263820648193,133.0,-1.0
120,0.6439282894134521,78.0,-1.0
121,0.650015115737915,158.0,1.0
122,0.6543655395507812,40.0,1.0
123,0.6583347320556641,158.0,1.0
124,0.670485258102417,158.0,1.0
125,0.675743579864502,40.0,-1.0
126,0.7074596881866455,158.0,1.0
127,0.7204873561859131,158.0,1.0
128,0.7244584560394287,40.0,-1.0
129,0.7327582836151123,158.0,1.0
130,0.7500863075256348,40.0,-1.0
131,0.7530100345611572,158.0,1.0
132,0.7868688106536865,158.0,1.0
133,0.800645112991333,158.0,1.0
134,0.804215669631958,40.0,-1.0
135,0.8131868839263916,158.0,1.0
136,0.8307278156280518,40.0,-1.0
137,0.8331034183502197,158.0,1.0
138,0.8841958045959473,158.0,1.0
139,0.884324312210083,158.0,1.0
140,0.8916163444519043,40.0,-1.0
141,0.8930914402008057,158.0,1.0
142,0.9015843868255615,40.0,-1.0
143,0.9017331600189209,40.0,-1.0
144,0.9088625907897949,40.0,-1.0
145,0.9131405353546143,158.0,1.0
146,0.9302608966827393,40.0,-1.0
147,0.9414751529693604,158.0,1.0
148,0.9588742256164551,40.0,-1.0
149,0.9648423194885254,158.0,1.0
150,0.975534200668335,158.0,1.0
151,0.9824745655059814,40.0,-1.0
152,0.9886972904205322,158.0,1.0
153,0.9916403293609619,40.0,-1.0
154,1.0059351921081543,40.0,-1.0
155,1.0238301753997803,158.0,1.0
156,1.040403127670288,158.0,1.0
157,1.040527105331421,40.0,-1.0
158,1.0578160285949707,40.0,-1.0
159,1.0610387325286865,158.0,1.0
160,1.0752804279327393,158.0,1.0
161,1.077878713607788,40.0,-1.0
162,1.0921034812927246,40.0,-1.0
163,1.108799934387207,158.0,1.0
164,1.1233351230621338,158.0,1.0
165,1.1259469985961914,40.0,-1.0
166,1.139650583267212,158.0,1.0
167,1.140498161315918,40.0,-1.0
168,1.155365228652954,158.0,1.0
169,1.155867099761963,40.0,-1.0
170,1.172431468963623,40.0,-1.0
171,1.186413049697876,158.0,1.0
172,1.2003860473632812,158.0,1.0
173,1.2029125690460205,40.0,-1.0
174,1.217139482498169,40.0,-1.0
175,1.2358083724975586,158.0,1.0
176,1.2358911037445068,158.0,1.0
177,1.253065586090088,40.0,-1.0
178,1.2530674934387207,40.0,-1.0
179,1.2646567821502686,158.0,1.0
180,1.280564308166504,158.0,1.0
181,1.2821133136749268,40.0,-1.0
182,1.2983102798461914,40.0,-1.0
183,1.3024086952209473,158.0,1.0
184,1.317342758178711,158.0,1.0
185,1.3181376457214355,40.0,-1.0
186,1.3335177898406982,40.0,-1.0
187,1.3607289791107178,158.0,1.0
188,1.3637590408325195,158.0,1.0
189,1.374429702758789,158.0,1.0
190,1.3767526149749756,40.0,-1.0
191,1.3803410530090332,40.0,-1.0
192,1.3906116485595703,40.0,-1.0
193,1.397613286972046,158.0,1.0
194,1.4133632183074951,40.0,-1.0
195,1.4275310039520264,158.0,1.0
196,1.4417636394500732,158.0,1.0
197,1.4432945251464844,40.0,-1.0
198,1.4573936462402344,158.0,1.0
199,1.4575378894805908,40.0,-1.0
200,1.4706017971038818,158.0,1.0
201,1.4730808734893799,40.0,-1.0
202,1.486297369003296,40.0,-1.0
203,1.508164882659912,158.0,1.0
204,1.5204112529754639,158.0,1.0
205,1.5239057540893555,40.0,-1.0
206,1.5331377983093262,158.0,1.0
207,1.536100149154663,40.0,-1.0
208,1.5488722324371338,40.0,-1.0
209,1.5597167015075684,158.0,1.0
210,1.575437307357788,40.0,-1.0
211,1.5804767608642578,158.0,1.0
212,1.5961582660675049,40.0,-1.0
213,1.6077284812927246,158.0,1.0
214,1.6230239868164062,158.0,1.0
215,1.6234371662139893,40.0,-1.0
216,1.6387274265289307,40.0,-1.0
217,1.6917123794555664,158.0,1.0
218,1.7074403762817383,40.0,-1.0
219,1.7095403671264648,158.0,1.0
220,1.7098050117492676,158.0,1.0
221,1.7099604606628418,158.0,1.0
222,1.7157118320465088,158.0,1.0
223,1.7252585887908936,40.0,-1.0
224,1.7255382537841797,40.0,-1.0
225,1.7255403995513916,40.0,-1.0
226,1.7314927577972412,40.0,-1.0
227,1.740128517150879,158.0,1.0
228,1.7559142112731934,40.0,-1.0
229,1.7848260402679443,158.0,1.0
230,1.8006763458251953,40.0,-1.0
231,1.845381736755371,158.0,1.0
232,1.8456354141235352,158.0,1.0
233,1.8457858562469482,158.0,1.0
234,1.8459267616271973,158.0,1.0
235,1.8605072498321533,158.0,1.0
236,1.8611750602722168,40.0,-1.0
237,1.861346960067749,40.0,-1.0
238,1.861506700515747,40.0,-1.0
239,1.8616619110107422,40.0,-1.0
240,1.8706996440887451,158.0,1.0
241,1.8763537406921387,40.0,-1.0
242,1.8864474296569824,40.0,-1.0
243,1.9395978450775146,158.0,1.0
244,1.9553368091583252,40.0,-1.0
245,1.9607975482940674,158.0,1.0
246,1.964137315750122,158.0,1.0
247,1.9671103954315186,158.0,1.0
248,1.9765725135803223,40.0,-1.0
249,1.9798836708068848,40.0,-1.0
250,1.982908010482788,40.0,-1.0
251,1.9829988479614258,158.0,1.0
252,1.9987261295318604,40.0,-1.0
253,2.010166645050049,158.0,1.0
254,2.020083427429199,158.0,1.0
255,2.025866985321045,40.0,-1.0
256,2.0314078330993652,158.0,1.0
257,2.035753011703491,40.0,-1.0
258,2.0471558570861816,40.0,-1.0
259,2.08701753616333,158.0,1.0
260,2.096991777420044,158.0,1.0
261,2.099945068359375,158.0,1.0
262,2.102764368057251,40.0,-1.0
263,2.1126692295074463,40.0,-1.0
264,2.1156013011932373,40.0,-1.0
265,2.1178476810455322,158.0,1.0
266,2.133575201034546,40.0,-1.0
267,2.166038751602173,158.0,1.0
268,2.1661181449890137,158.0,1.0
269,2.175032615661621,158.0,1.0
270,2.181687355041504,40.0,-1.0
271,2.1816883087158203,40.0,-1.0
272,2.188788414001465,158.0,1.0
273,2.190703868865967,40.0,-1.0
274,2.2044568061828613,40.0,-1.0
275,2.294620990753174,158.0,1.0
276,2.2948191165924072,158.0,1.0
277,2.2949023246765137,158.0,1.0
278,2.294983386993408,158.0,1.0
279,2.3011741638183594,158.0,1.0
280,2.3104894161224365,40.0,-1.0
281,2.3106682300567627,40.0,-1.0
282,2.3106701374053955,40.0,-1.0
283,2.310671091079712,40.0,-1.0
284,2.3170433044433594,40.0,-1.0
285,2.325360059738159,158.0,1.0
286,2.336548089981079,158.0,1.0
287,2.3411355018615723,40.0,-1.0
288,2.3508777618408203,158.0,1.0
289,2.352294683456421,40.0,-1.0
290,2.3666367530822754,40.0,-1.0
291,2.389049530029297,158.0,1.0
292,2.4006009101867676,158.0,1.0
293,2.4049925804138184,40.0,-1.0
294,2.413121223449707,158.0,1.0
295,2.4163999557495117,40.0,-1.0
296,2.420961856842041,420.0,-1.0
297,2.4273130893707275,122.0,1.0
298,2.434913158416748,78.0,1.0
299,2.4356322288513184,706.0,-1.0
300,2.450640916824341,40.0,-1.0
301,2.4514029026031494,65.0,1.0
302,2.4691882133483887,113.0,-1.0
303,2.487090826034546,40.0,1.0
304,2.48720383644104,60.0,1.0
305,2.5031826496124268,52.0,-1.0
306,2.504349946975708,40.0,1.0
307,2.5112035274505615,298.0,1.0
308,2.5205271244049072,40.0,-1.0
309,2.5277843475341797,40.0,-1.0
310,2.528379201889038,177.0,-1.0
311,2.535308599472046,40.0,1.0
312,2.5373589992523193,91.0,1.0
313,2.5938780307769775,40.0,-1.0
314,2.5986032485961914,805.0,1.0
315,2.614804744720459,40.0,-1.0
316,2.615046977996826,63.0,-1.0
317,2.6195437908172607,386.0,-1.0
318,2.6469764709472656,52.0,1.0
319,2.649484634399414,71.0,1.0
320,2.6497642993927,40.0,1.0
321,2.6654932498931885,40.0,-1.0
322,2.665722608566284,40.0,-1.0
323,2.6668782234191895,40.0,1.0
324,2.7274045944213867,1500.0,-1.0
325,2.7275218963623047,1500.0,-1.0
326,2.727632999420166,1500.0,-1.0
327,2.727846145629883,1500.0,-1.0
328,2.735405206680298,40.0,1.0
329,2.7371318340301514,40.0,1.0
330,2.73740291595459,40.0,1.0
331,2.7375271320343018,40.0,1.0
332,2.7513434886932373,1500.0,-1.0
333,2.7529191970825195,40.0,1.0
334,2.753046751022339,1500.0,-1.0
335,2.7534334659576416,1500.0,-1.0
336,2.7536537647247314,1500.0,-1.0
337,2.756211996078491,40.0,1.0
338,2.7564854621887207,40.0,1.0
339,2.7566115856170654,40.0,1.0
340,2.768836498260498,1500.0,-1.0
341,2.770369291305542,40.0,1.0
342,2.772130250930786,1500.0,-1.0
343,2.7724268436431885,1500.0,-1.0
344,2.772639513015747,1473.0,-1.0
345,2.7743172645568848,40.0,1.0
346,2.7747304439544678,40.0,1.0
347,2.7748589515686035,40.0,1.0
348,2.8005471229553223,60.0,1.0
349,2.8164467811584473,52.0,-1.0
350,2.8193390369415283,40.0,1.0
351,2.8215878009796143,298.0,1.0
352,2.822472333908081,1500.0,-1.0
353,2.822474718093872,334.0,-1.0
354,2.825085401535034,40.0,1.0
355,2.825239658355713,40.0,1.0
356,2.829563856124878,60.0,1.0
357,2.833815813064575,461.0,-1.0
358,2.8355748653411865,40.0,-1.0
359,2.836428642272949,40.0,1.0
360,2.8380584716796875,40.0,-1.0
361,2.8388330936431885,177.0,-1.0
362,2.8403708934783936,40.0,1.0
363,2.845668077468872,52.0,-1.0
364,2.8460865020751953,91.0,1.0
365,2.847698926925659,40.0,1.0
366,2.8553380966186523,60.0,1.0
367,2.8557422161102295,298.0,1.0
368,2.8638174533843994,40.0,-1.0
369,2.87130069732666,52.0,-1.0
370,2.8723156452178955,40.0,-1.0
371,2.8730850219726562,133.0,-1.0
372,2.8730878829956055,177.0,-1.0
373,2.873091220855713,78.0,-1.0
374,2.88742733001709,40.0,1.0
375,2.902315616607666,298.0,1.0
376,2.902475595474243,40.0,1.0
377,2.902564287185669,40.0,1.0
378,2.9037630558013916,40.0,-1.0
379,2.90936017036438,40.0,1.0
380,2.9095287322998047,91.0,1.0
381,2.919036865234375,40.0,-1.0
382,2.919039726257324,40.0,-1.0
383,2.9197657108306885,177.0,-1.0
384,2.9207592010498047,771.0,1.0
385,2.923715114593506,40.0,1.0
386,2.923858165740967,91.0,1.0
387,2.936905860900879,40.0,-1.0
388,2.941723585128784,386.0,-1.0
389,2.9444327354431152,71.0,1.0
390,2.9445862770080566,40.0,1.0
391,2.960283041000366,40.0,-1.0
392,2.9602854251861572,40.0,-1.0
393,2.9722089767456055,40.0,1.0
394,2.974175214767456,40.0,-1.0
395,2.977931261062622,768.0,1.0
396,2.9889328479766846,40.0,-1.0
397,2.9904470443725586,782.0,1.0
398,2.9941444396972656,40.0,-1.0
399,2.9989123344421387,386.0,-1.0
400,3.006824016571045,40.0,-1.0
401,3.0068557262420654,71.0,1.0
402,3.0070440769195557,40.0,1.0
403,3.011793375015259,386.0,-1.0
404,3.0150563716888428,71.0,1.0
405,3.0151424407958984,40.0,1.0
406,3.0228259563446045,40.0,-1.0
407,3.0228281021118164,40.0,-1.0
408,3.028426170349121,626.0,1.0
409,3.029834270477295,1500.0,1.0
410,3.03114652633667,40.0,-1.0
411,3.045694589614868,40.0,-1.0
412,3.047105550765991,1500.0,1.0
413,3.0474658012390137,1500.0,1.0
414,3.04748272895813,40.0,1.0
415,3.047593593597412,182.0,1.0
416,3.047606945037842,78.0,1.0
417,3.0476858615875244,40.0,1.0
418,3.0490851402282715,1500.0,1.0
419,3.0494298934936523,1500.0,1.0
420,3.0633482933044434,40.0,-1.0
421,3.0652976036071777,40.0,-1.0
422,3.069852113723755,1500.0,1.0
423,3.071204900741577,471.0,1.0
424,3.0869369506835938,40.0,-1.0
425,3.123647689819336,271.0,1.0
426,3.123973846435547,176.0,1.0
427,3.1239874362945557,1500.0,1.0
428,3.12399959564209,1500.0,1.0
429,3.1240129470825195,1500.0,1.0
430,3.124023914337158,51.0,1.0
431,3.139664649963379,40.0,-1.0
432,3.139983892440796,40.0,-1.0
433,3.1399848461151123,40.0,-1.0
434,3.1401920318603516,82.0,-1.0
435,3.143439292907715,78.0,1.0
436,3.144467830657959,40.0,1.0
437,3.1541829109191895,413.0,1.0
438,3.1715247631073,269.0,-1.0
439,3.171525716781616,93.0,-1.0
440,3.173574686050415,93.0,1.0
441,3.1736581325531006,40.0,1.0
442,3.189448595046997,133.0,-1.0
443,3.1894495487213135,78.0,-1.0
444,3.1909797191619873,133.0,-1.0
445,3.1909806728363037,78.0,-1.0
446,3.2004756927490234,64.0,1.0
447,3.205195426940918,40.0,1.0
448,3.2096595764160156,298.0,1.0
449,3.2168564796447754,272.0,1.0
450,3.217623710632324,1500.0,1.0
451,3.217968702316284,1500.0,1.0
452,3.218061685562134,80.0,-1.0
453,3.2183194160461426,1500.0,1.0
454,3.2183353900909424,105.0,1.0
455,3.2185912132263184,122.0,1.0
456,3.2208826541900635,171.0,-1.0
457,3.2225239276885986,60.0,1.0
458,3.233490467071533,40.0,-1.0
459,3.2341556549072266,40.0,-1.0
460,3.2346408367156982,78.0,1.0
461,3.238694667816162,52.0,-1.0
462,3.2399394512176514,40.0,1.0
463,3.244612455368042,290.0,1.0
464,3.2503528594970703,40.0,-1.0
465,3.2561001777648926,40.0,-1.0
466,3.2611916065216064,40.0,-1.0
467,3.262336254119873,132.0,-1.0
468,3.2623372077941895,1500.0,-1.0
469,3.262423038482666,1478.0,-1.0
470,3.262424945831299,378.0,-1.0
471,3.262425661087036,49.0,-1.0
472,3.2700977325439453,40.0,1.0
473,3.2702653408050537,40.0,1.0
474,3.270341396331787,40.0,1.0
475,3.2832515239715576,49.0,-1.0
476,3.285881996154785,40.0,1.0
477,3.2859582901000977,40.0,1.0
478,3.2865021228790283,418.0,-1.0
479,3.286503553390503,83.0,-1.0
480,3.2873001098632812,52.0,1.0
481,3.290034532546997,52.0,1.0
482,3.2901110649108887,52.0,1.0
483,3.292391061782837,83.0,1.0
484,3.2924692630767822,52.0,1.0
485,3.301665782928467,190.0,1.0
486,3.303774356842041,333.0,1.0
487,3.318054437637329,46.0,-1.0
488,3.3180553913116455,109.0,-1.0
489,3.3185577392578125,611.0,-1.0
490,3.3185601234436035,83.0,-1.0
491,3.318560838699341,52.0,-1.0
492,3.3360629081726074,40.0,1.0
493,3.33654522895813,429.0,1.0
494,3.337737798690796,52.0,1.0
495,3.337815761566162,52.0,1.0
496,3.340834140777588,83.0,1.0
497,3.341057777404785,52.0,1.0
498,3.3509809970855713,52.0,-1.0
499,3.3547871112823486,40.0,-1.0
500,3.3659818172454834,40.0,1.0
501,3.36798095703125,133.0,-1.0
502,3.367983818054199,78.0,-1.0
503,3.369821071624756,40.0,1.0
504,3.377986192703247,253.0,-1.0
505,3.3787903785705566,1500.0,-1.0
506,3.3788704872131348,1500.0,-1.0
507,3.3790225982666016,821.0,-1.0
508,3.380918025970459,40.0,1.0
509,3.3810606002807617,40.0,1.0
510,3.3851985931396484,1500.0,-1.0
511,3.3854029178619385,681.0,-1.0
512,3.3854048252105713,1500.0,-1.0
513,3.3854057788848877,345.0,-1.0
514,3.3878934383392334,40.0,1.0
515,3.3885674476623535,40.0,1.0
516,3.4119873046875,60.0,1.0
517,3.4411234855651855,86.0,1.0
518,3.4420833587646484,273.0,1.0
519,3.4422082901000977,176.0,1.0
520,3.4422359466552734,1500.0,1.0
521,3.4422948360443115,1500.0,1.0
522,3.442352056503296,1429.0,1.0
523,3.457024574279785,86.0,-1.0
524,3.458103656768799,40.0,-1.0
525,3.458340644836426,40.0,-1.0
526,3.4591939449310303,160.0,1.0
527,3.4706335067749023,60.0,-1.0
528,3.4719696044921875,52.0,1.0
529,3.473625898361206,300.0,1.0
530,3.4748997688293457,40.0,-1.0
531,3.532564878463745,52.0,-1.0
532,3.532883644104004,197.0,-1.0
533,3.537376642227173,52.0,1.0
534,3.53777813911438,103.0,1.0
535,3.572899341583252,133.0,-1.0
536,3.572904586791992,78.0,-1.0
537,3.5811498165130615,40.0,1.0
538,3.636552333831787,52.0,-1.0
539,3.641038417816162,302.0,1.0
540,3.699436902999878,52.0,-1.0
541,3.723572254180908,442.0,-1.0
542,3.769195795059204,62.0,1.0
543,3.778468608856201,154.0,-1.0
544,3.7807796001434326,60.0,1.0
545,3.7946155071258545,60.0,-1.0
546,3.79599928855896,52.0,1.0
547,3.7975914478302,569.0,1.0
548,3.802063465118408,52.0,1.0
549,3.811967372894287,52.0,-1.0
550,3.8124985694885254,204.0,-1.0
551,3.8141086101531982,52.0,1.0
552,3.8146705627441406,103.0,1.0
553,3.869412899017334,52.0,-1.0
554,3.8741347789764404,337.0,1.0
555,3.888833999633789,52.0,-1.0
556,3.894531726837158,1500.0,-1.0
557,3.8947880268096924,1500.0,-1.0
558,3.8947906494140625,1500.0,-1.0
559,3.8949973583221436,1500.0,-1.0
560,3.895000457763672,1500.0,-1.0
561,3.8951361179351807,1500.0,-1.0
562,3.8952417373657227,1500.0,-1.0
563,3.8953592777252197,1500.0,-1.0
564,3.895479440689087,1500.0,-1.0
565,3.8956072330474854,1500.0,-1.0
566,3.8957362174987793,1500.0,-1.0
567,3.8958523273468018,1500.0,-1.0
568,3.8959836959838867,1500.0,-1.0
569,3.8961100578308105,1500.0,-1.0
570,3.8962318897247314,1500.0,-1.0
571,3.8964486122131348,1500.0,-1.0
572,3.8985462188720703,52.0,1.0
573,3.899329900741577,52.0,1.0
574,3.8996620178222656,52.0,1.0
575,3.9008116722106934,52.0,1.0
576,3.901698350906372,52.0,1.0
577,3.9102280139923096,52.0,1.0
578,3.916121482849121,1500.0,-1.0
579,3.916257619857788,1500.0,-1.0
580,3.9163591861724854,1500.0,-1.0
581,3.916475534439087,1500.0,-1.0
582,3.9166018962860107,1500.0,-1.0
583,3.9167075157165527,1500.0,-1.0
584,3.916821241378784,1500.0,-1.0
585,3.916968584060669,1500.0,-1.0
586,3.9170830249786377,1500.0,-1.0
587,3.9171907901763916,1500.0,-1.0
588,3.917325019836426,1500.0,-1.0
589,3.917457103729248,1500.0,-1.0
590,3.9175639152526855,1500.0,-1.0
591,3.917696714401245,1500.0,-1.0
592,3.9178099632263184,1500.0,-1.0
593,3.9179351329803467,1500.0,-1.0
594,3.9180691242218018,1500.0,-1.0
595,3.9181952476501465,1500.0,-1.0
596,3.9183430671691895,1500.0,-1.0
597,3.9185431003570557,1500.0,-1.0
598,3.92404842376709,1500.0,-1.0
599,3.9242658615112305,1500.0,-1.0
600,3.9242682456970215,1500.0,-1.0
601,3.9244866371154785,1500.0,-1.0
602,3.926173210144043,52.0,1.0
603,3.9263460636138916,52.0,1.0
604,3.9276113510131836,52.0,1.0
605,3.939915418624878,1500.0,-1.0
606,3.9400322437286377,1500.0,-1.0
607,3.9401495456695557,1500.0,-1.0
608,3.9402523040771484,1500.0,-1.0
609,3.940382480621338,1500.0,-1.0
610,3.9405198097229004,1500.0,-1.0
611,3.940634250640869,1500.0,-1.0
612,3.9408514499664307,1500.0,-1.0
613,3.941265106201172,1500.0,-1.0
614,3.941465139389038,1500.0,-1.0
615,3.942216396331787,1500.0,-1.0
616,3.9424259662628174,1500.0,-1.0
617,3.980501651763916,1500.0,-1.0
618,4.036386489868164,52.0,1.0
619,4.036646604537964,52.0,1.0
620,4.036755323410034,52.0,1.0
621,4.036861419677734,52.0,1.0
622,4.050139665603638,1500.0,-1.0
623,4.0503315925598145,1500.0,-1.0
624,4.051065444946289,1500.0,-1.0
625,4.051271438598633,1500.0,-1.0
626,4.053084135055542,1500.0,-1.0
627,4.053284406661987,1500.0,-1.0
628,4.055037260055542,1500.0,-1.0
629,4.055229425430298,1500.0,-1.0
630,4.057123899459839,1500.0,-1.0
631,4.057316064834595,1500.0,-1.0
632,4.059000015258789,1500.0,-1.0
633,4.059194087982178,1500.0,-1.0
634,4.060998201370239,1500.0,-1.0
635,4.061193943023682,1500.0,-1.0
636,4.063013792037964,1500.0,-1.0
637,4.063203811645508,1500.0,-1.0
638,4.064971923828125,1500.0,-1.0
639,4.06516432762146,1500.0,-1.0
640,4.066968202590942,1500.0,-1.0
641,4.067155361175537,1500.0,-1.0
642,4.069002389907837,1500.0,-1.0
643,4.069194078445435,1500.0,-1.0
644,4.0709569454193115,1500.0,-1.0
645,4.071155548095703,1500.0,-1.0
646,4.072999000549316,1500.0,-1.0
647,4.073194980621338,1500.0,-1.0
648,4.074933290481567,1500.0,-1.0
649,4.075125694274902,1500.0,-1.0
650,4.0769569873809814,1500.0,-1.0
651,4.077156066894531,1500.0,-1.0
652,4.078934907913208,1500.0,-1.0
653,4.0791285037994385,1500.0,-1.0
654,4.080934286117554,1500.0,-1.0
655,4.0811262130737305,1500.0,-1.0
656,4.082939624786377,1500.0,-1.0
657,4.085936546325684,52.0,1.0
658,4.099585771560669,1500.0,-1.0
659,4.169409513473511,64.0,1.0
660,4.169509410858154,64.0,1.0
661,4.169586896896362,64.0,1.0
662,4.169664144515991,64.0,1.0
663,4.169741630554199,64.0,1.0
664,4.169817686080933,64.0,1.0
665,4.169897556304932,64.0,1.0
666,4.169974088668823,64.0,1.0
667,4.1700499057769775,64.0,1.0
668,4.170121192932129,64.0,1.0
669,4.18357253074646,1500.0,-1.0
670,4.183714389801025,1500.0,-1.0
671,4.183911561965942,1500.0,-1.0
672,4.402537107467651,1500.0,-1.0
673,4.963495492935181,1500.0,-1.0
674,5.454476356506348,273.0,1.0
675,5.463589191436768,176.0,1.0
676,5.4709062576293945,1500.0,1.0
677,5.472189903259277,1500.0,1.0
678,5.472233295440674,1500.0,1.0
679,5.472258567810059,94.0,1.0
680,5.479386806488037,40.0,-1.0
681,5.4882214069366455,40.0,-1.0
682,5.488225936889648,40.0,-1.0
683,5.527271270751953,72.0,1.0
684,5.527493715286255,72.0,1.0
685,5.527633428573608,80.0,1.0
686,5.52934718132019,1500.0,1.0
687,5.529393672943115,1500.0,1.0
688,5.529417991638184,1500.0,1.0
689,5.529443025588989,694.0,1.0
690,5.532870292663574,176.0,1.0
691,5.534416437149048,1500.0,1.0
692,5.541245937347412,1500.0,-1.0
693,5.541476249694824,1500.0,-1.0
694,5.544906377792358,1500.0,-1.0
695,5.545121431350708,1500.0,-1.0
696,5.5455615520477295,40.0,-1.0
697,5.548664093017578,40.0,-1.0
698,5.552380323410034,1500.0,-1.0
699,5.552559852600098,1500.0,-1.0
700,5.559829950332642,1500.0,-1.0
701,5.582379341125488,133.0,-1.0
702,5.5823822021484375,78.0,-1.0
703,5.610957145690918,1500.0,1.0
704,5.638227939605713,133.0,-1.0
705,5.638232946395874,78.0,-1.0
706,5.711619138717651,78.0,-1.0
707,5.853697299957275,1500.0,1.0
708,5.869534969329834,40.0,-1.0
709,5.961692571640015,133.0,-1.0
710,6.045737266540527,84.0,1.0
711,6.046305179595947,84.0,-1.0
712,6.329447269439697,1500.0,1.0
713,6.329617500305176,64.0,1.0
714,6.32987904548645,1500.0,1.0
715,6.329909801483154,64.0,1.0
716,6.3301777839660645,1500.0,1.0
717,6.330207824707031,64.0,1.0
718,6.330344200134277,52.0,1.0
719,6.330469846725464,84.0,1.0
720,6.331172466278076,84.0,-1.0
721,6.334986448287964,84.0,1.0
722,6.335426330566406,84.0,-1.0
723,6.339590072631836,84.0,1.0
724,6.340022087097168,84.0,-1.0
725,6.3415234088897705,84.0,1.0
726,6.341991186141968,84.0,-1.0
727,6.34574294090271,40.0,-1.0
728,6.346100091934204,78.0,-1.0
729,6.346101999282837,133.0,-1.0
730,6.346120119094849,84.0,1.0
731,6.346798896789551,84.0,-1.0
732,6.347951173782349,1500.0,1.0
733,6.348223686218262,64.0,1.0
734,6.348599195480347,1500.0,1.0
735,6.348631143569946,64.0,1.0
736,6.348877429962158,1500.0,1.0
737,6.348909378051758,64.0,1.0
738,6.349037408828735,40.0,1.0
739,6.3555989265441895,84.0,1.0
740,6.356256723403931,84.0,-1.0
741,6.357677936553955,84.0,1.0
742,6.358415365219116,84.0,-1.0
743,6.359812259674072,84.0,1.0
744,6.360435485839844,84.0,-1.0
745,6.362834215164185,84.0,1.0
746,6.363298654556274,84.0,-1.0
747,6.364526271820068,40.0,-1.0
748,6.366460800170898,1500.0,1.0
749,6.366884231567383,927.0,1.0
750,6.366913080215454,84.0,1.0
751,6.367385387420654,84.0,-1.0
752,6.369940757751465,84.0,1.0
753,6.370314359664917,84.0,-1.0
754,6.373756408691406,84.0,1.0
755,6.374242067337036,84.0,-1.0
756,6.375425338745117,84.0,1.0
757,6.3760292530059814,84.0,-1.0
758,6.377355575561523,84.0,1.0
759,6.37779688835144,84.0,-1.0
760,6.381893873214722,52.0,1.0
761,6.382412672042847,40.0,-1.0
762,6.382811784744263,75.0,1.0
763,6.404750347137451,139.0,-1.0
764,6.40733003616333,60.0,1.0
765,6.415041923522949,60.0,-1.0
766,6.416356325149536,52.0,1.0
767,6.4168055057525635,242.0,1.0
768,6.425196170806885,52.0,-1.0
769,6.431639194488525,40.0,-1.0
770,6.432247877120972,525.0,-1.0
771,6.43449854850769,1500.0,-1.0
772,6.438901662826538,52.0,1.0
773,6.440274953842163,72.0,1.0
774,6.4509899616241455,71.0,1.0
775,6.4512622356414795,40.0,1.0
776,6.45392918586731,1500.0,-1.0
777,6.455485582351685,72.0,1.0
778,6.455971717834473,1500.0,-1.0
779,6.457636594772339,64.0,1.0
780,6.469253778457642,1500.0,-1.0
781,6.470312595367432,132.0,-1.0
782,6.4703145027160645,78.0,-1.0
783,6.471124172210693,1500.0,-1.0
784,6.471343517303467,1500.0,-1.0
785,6.472353219985962,139.0,-1.0
786,6.476090908050537,1500.0,-1.0
787,6.486499071121216,64.0,1.0
788,6.488468408584595,133.0,-1.0
789,6.4884724617004395,78.0,-1.0
790,6.488962173461914,40.0,1.0
791,6.4892418384552,64.0,1.0
792,6.489365816116333,64.0,1.0
793,6.490163326263428,64.0,1.0
794,6.491403341293335,40.0,1.0
795,6.494486570358276,60.0,1.0
796,6.500232934951782,1500.0,-1.0
797,6.50217604637146,64.0,1.0
798,6.502628803253174,1500.0,-1.0
799,6.503000974655151,1500.0,-1.0
800,6.50459623336792,64.0,1.0
801,6.50478196144104,64.0,1.0
802,6.510310649871826,1500.0,-1.0
803,6.510532855987549,1500.0,-1.0
804,6.510774374008179,52.0,-1.0
805,6.512390613555908,64.0,1.0
806,6.513375282287598,64.0,1.0
807,6.513642311096191,40.0,1.0
808,6.515064001083374,186.0,1.0
809,6.517597913742065,1500.0,-1.0
810,6.51785135269165,1500.0,-1.0
811,6.519928693771362,64.0,1.0
812,6.520259380340576,64.0,1.0
813,6.524564027786255,1500.0,-1.0
814,6.524784326553345,1500.0,-1.0
815,6.526745557785034,64.0,1.0
816,6.527080297470093,64.0,1.0
817,6.5311360359191895,1500.0,-1.0
818,6.5313496589660645,1500.0,-1.0
819,6.532368898391724,40.0,-1.0
820,6.533266305923462,64.0,1.0
821,6.533385753631592,133.0,-1.0
822,6.533398866653442,78.0,-1.0
823,6.5337769985198975,64.0,1.0
824,6.535137414932251,396.0,-1.0
825,6.535139083862305,459.0,-1.0
826,6.537551641464233,1500.0,-1.0
827,6.5377585887908936,1500.0,-1.0
828,6.542596101760864,40.0,1.0
829,6.542917490005493,40.0,1.0
830,6.543067693710327,64.0,1.0
831,6.543195486068726,40.0,1.0
832,6.543320178985596,64.0,1.0
833,6.543467283248901,1500.0,-1.0
834,6.543695688247681,1500.0,-1.0
835,6.548933506011963,1500.0,-1.0
836,6.549149513244629,1500.0,-1.0
837,6.549829959869385,76.0,1.0
838,6.554090738296509,1500.0,-1.0
839,6.554315567016602,1500.0,-1.0
840,6.559245586395264,1500.0,-1.0
841,6.559468984603882,1500.0,-1.0
842,6.564216136932373,1500.0,-1.0
843,6.564412355422974,1500.0,-1.0
844,6.566154479980469,64.0,1.0
845,6.567633152008057,64.0,1.0
846,6.567850589752197,64.0,1.0
847,6.568659782409668,52.0,1.0
848,6.568857431411743,52.0,1.0
849,6.569199800491333,1500.0,-1.0
850,6.569333076477051,1500.0,-1.0
851,6.56954550743103,1500.0,-1.0
852,6.569960832595825,52.0,1.0
853,6.570044040679932,52.0,1.0
854,6.5710320472717285,52.0,1.0
855,6.571232080459595,52.0,1.0
856,6.57223916053772,52.0,1.0
857,6.572439908981323,52.0,1.0
858,6.5732741355896,52.0,1.0
859,6.573467016220093,52.0,1.0
860,6.579854726791382,1500.0,-1.0
861,6.5814642906188965,52.0,1.0
862,6.58247447013855,1500.0,-1.0
863,6.58267068862915,1500.0,-1.0
864,6.584279298782349,52.0,1.0
865,6.584489345550537,52.0,1.0
866,6.587970018386841,1500.0,-1.0
867,6.588158369064331,1500.0,-1.0
868,6.590146780014038,52.0,1.0
869,6.590356826782227,52.0,1.0
870,6.59054970741272,52.0,1.0
871,6.592226505279541,1500.0,-1.0
872,6.592314958572388,1500.0,-1.0
873,6.5924952030181885,1500.0,-1.0
874,6.593783378601074,52.0,1.0
875,6.594688892364502,52.0,1.0
876,6.594907522201538,52.0,1.0
877,6.596398591995239,1500.0,-1.0
878,6.598237037658691,52.0,1.0
879,6.600278854370117,1500.0,-1.0
880,6.600481986999512,1500.0,-1.0
881,6.602156639099121,76.0,-1.0
882,6.602221727371216,52.0,1.0
883,6.6025378704071045,52.0,1.0
884,6.603764533996582,1500.0,-1.0
885,6.60397744178772,1500.0,-1.0
886,6.605739116668701,52.0,1.0
887,6.606004238128662,52.0,1.0
888,6.607302904129028,1500.0,-1.0
889,6.60741662979126,1500.0,-1.0
890,6.607648849487305,1500.0,-1.0
891,6.609898805618286,52.0,1.0
892,6.610077381134033,52.0,1.0
893,6.610156297683716,52.0,1.0
894,6.610528469085693,1500.0,-1.0
895,6.61073112487793,1500.0,-1.0
896,6.611964464187622,52.0,1.0
897,6.612951755523682,52.0,1.0
898,6.613538026809692,1500.0,-1.0
899,6.613740682601929,1500.0,-1.0
900,6.615248918533325,52.0,1.0
901,6.615487575531006,52.0,1.0
902,6.616426229476929,1500.0,-1.0
903,6.616624593734741,1500.0,-1.0
904,6.61916708946228,52.0,1.0
905,6.619417428970337,1500.0,-1.0
906,6.619602203369141,1500.0,-1.0
907,6.619655609130859,52.0,1.0
908,6.621673583984375,52.0,1.0
909,6.621988296508789,52.0,1.0
910,6.622283220291138,1500.0,-1.0
911,6.624492406845093,52.0,1.0
912,6.625031232833862,1500.0,-1.0
913,6.625216007232666,1500.0,-1.0
914,6.627756595611572,1500.0,-1.0
915,6.627924203872681,1500.0,-1.0
916,6.630263090133667,1057.0,-1.0
917,6.630394220352173,1500.0,-1.0
918,6.6305577754974365,1500.0,-1.0
919,6.632859706878662,1500.0,-1.0
920,6.632954835891724,1500.0,-1.0
921,6.633134841918945,1500.0,-1.0
922,6.635494709014893,1500.0,-1.0
923,6.63566517829895,1500.0,-1.0
924,6.637861490249634,1500.0,-1.0
925,6.6380321979522705,1500.0,-1.0
926,6.640441656112671,1500.0,-1.0
927,6.643126726150513,1500.0,-1.0
928,6.643131971359253,1500.0,-1.0
929,6.646228075027466,52.0,1.0
930,6.65275239944458,52.0,1.0
931,6.652993440628052,52.0,1.0
932,6.653079032897949,52.0,1.0
933,6.653158903121948,52.0,1.0
934,6.6532392501831055,52.0,1.0
935,6.653319835662842,52.0,1.0
936,6.653398275375366,52.0,1.0
937,6.653476715087891,52.0,1.0
938,6.655334949493408,52.0,1.0
939,6.655637979507446,52.0,1.0
940,6.655803203582764,52.0,1.0
941,6.655892848968506,52.0,1.0
942,6.65596866607666,52.0,1.0
943,6.656046152114868,52.0,1.0
944,6.660120248794556,1500.0,-1.0
945,6.661943674087524,52.0,1.0
946,6.662163257598877,52.0,1.0
947,6.662241697311401,52.0,1.0
948,6.666489124298096,1500.0,-1.0
949,6.66791033744812,1500.0,-1.0
950,6.66810941696167,1500.0,-1.0
951,6.670667409896851,52.0,1.0
952,6.6708855628967285,40.0,1.0
953,6.670967102050781,52.0,1.0
954,6.671050071716309,52.0,1.0
955,6.671346664428711,1500.0,-1.0
956,6.671560287475586,1500.0,-1.0
957,6.673040151596069,52.0,1.0
958,6.673165559768677,52.0,1.0
959,6.674690008163452,1500.0,-1.0
960,6.67490816116333,1500.0,-1.0
961,6.67648458480835,52.0,1.0
962,6.678131103515625,1500.0,-1.0
963,6.6783154010772705,1500.0,-1.0
964,6.680384874343872,52.0,1.0
965,6.680924415588379,275.0,1.0
966,6.680951356887817,176.0,1.0
967,6.6809632778167725,52.0,1.0
968,6.681530475616455,1500.0,-1.0
969,6.681722402572632,1500.0,-1.0
970,6.681772470474243,1500.0,1.0
971,6.68243932723999,1500.0,1.0
972,6.682461500167847,1440.0,1.0
973,6.682533502578735,52.0,1.0
974,6.682610273361206,122.0,1.0
975,6.683488130569458,52.0,1.0
976,6.6836628913879395,52.0,1.0
977,6.684360504150391,1500.0,-1.0
978,6.684552431106567,1500.0,-1.0
979,6.685821294784546,52.0,1.0
980,6.686675310134888,52.0,1.0
981,6.687185525894165,1500.0,-1.0
982,6.687377452850342,1500.0,-1.0
983,6.688996315002441,52.0,1.0
984,6.689727306365967,1500.0,-1.0
985,6.6899254322052,1500.0,-1.0
986,6.690062046051025,52.0,1.0
987,6.691110849380493,52.0,1.0
988,6.692106246948242,1500.0,-1.0
989,6.692145347595215,52.0,1.0
990,6.692296504974365,1500.0,-1.0
991,6.693969964981079,52.0,1.0
992,6.694195508956909,52.0,1.0
993,6.694448709487915,1500.0,-1.0
994,6.694660902023315,1500.0,-1.0
995,6.696365118026733,52.0,1.0
996,6.6964430809021,52.0,1.0
997,6.696616172790527,40.0,-1.0
998,6.69680118560791,1500.0,-1.0
999,6.696878671646118,1500.0,-1.0
1000,6.696879863739014,40.0,-1.0
1001,6.697630405426025,40.0,-1.0
1002,6.697888135910034,78.0,1.0
1003,6.698281526565552,40.0,-1.0
1004,6.698282480239868,40.0,-1.0
1005,6.698478698730469,40.0,-1.0
1006,6.698479652404785,82.0,-1.0
1007,6.69878888130188,52.0,1.0
1008,6.699291706085205,1500.0,-1.0
1009,6.699329853057861,52.0,1.0
1010,6.699480295181274,1500.0,-1.0
1011,6.700953722000122,52.0,1.0
1012,6.701594591140747,1500.0,-1.0
1013,6.701789140701294,1500.0,-1.0
1014,6.702673435211182,52.0,1.0
1015,6.70348858833313,52.0,1.0
1016,6.703890562057495,1500.0,-1.0
1017,6.704082727432251,1500.0,-1.0
1018,6.704394578933716,52.0,1.0
1019,6.706186532974243,1500.0,-1.0
1020,6.706379413604736,1500.0,-1.0
1021,6.708247184753418,1500.0,-1.0
1022,6.708358287811279,1500.0,-1.0
1023,6.708553314208984,1500.0,-1.0
1024,6.710351943969727,1500.0,-1.0
1025,6.712127208709717,1500.0,-1.0
1026,6.712320327758789,1500.0,-1.0
1027,6.713830947875977,1500.0,-1.0
1028,6.714029550552368,1500.0,-1.0
1029,6.715621709823608,1500.0,-1.0
1030,6.715810298919678,1500.0,-1.0
1031,6.717411994934082,1500.0,-1.0
1032,6.717603445053101,1500.0,-1.0
1033,6.7190961837768555,1500.0,-1.0
1034,6.7192888259887695,1500.0,-1.0
1035,6.720562934875488,1500.0,-1.0
1036,6.7206902503967285,1500.0,-1.0
1037,6.720876693725586,1500.0,-1.0
1038,6.726332902908325,273.0,1.0
1039,6.726919889450073,176.0,1.0
1040,6.72693395614624,1500.0,1.0
1041,6.726945638656616,1500.0,1.0
1042,6.72695779800415,1500.0,1.0
1043,6.726968765258789,52.0,1.0
1044,6.729672908782959,52.0,1.0
1045,6.729942321777344,52.0,1.0
1046,6.730109453201294,52.0,1.0
1047,6.730189085006714,52.0,1.0
1048,6.730270147323608,52.0,1.0
1049,6.7303466796875,52.0,1.0
1050,6.73092794418335,52.0,1.0
1051,6.73099684715271,52.0,1.0
1052,6.732795000076294,52.0,1.0
1053,6.7328715324401855,52.0,1.0
1054,6.733068227767944,52.0,1.0
1055,6.733144760131836,52.0,1.0
1056,6.734639406204224,52.0,1.0
1057,6.734715223312378,52.0,1.0
1058,6.734888553619385,52.0,1.0
1059,6.735048055648804,52.0,1.0
1060,6.7371203899383545,52.0,1.0
1061,6.737200736999512,52.0,1.0
1062,6.737447261810303,52.0,1.0
1063,6.737521648406982,52.0,1.0
1064,6.7410407066345215,1500.0,-1.0
1065,6.742008447647095,40.0,-1.0
1066,6.742561101913452,52.0,1.0
1067,6.7428083419799805,40.0,-1.0
1068,6.743050813674927,40.0,-1.0
1069,6.743334770202637,1500.0,-1.0
1070,6.743485689163208,94.0,1.0
1071,6.743544101715088,1500.0,-1.0
1072,6.744320869445801,1500.0,-1.0
1073,6.744450807571411,1500.0,-1.0
1074,6.7446558475494385,1500.0,-1.0
1075,6.7457475662231445,52.0,1.0
1076,6.745830774307251,52.0,1.0
1077,6.746976375579834,1500.0,-1.0
1078,6.747169256210327,1500.0,-1.0
1079,6.747483968734741,52.0,1.0
1080,6.749402761459351,52.0,1.0
1081,6.749485969543457,52.0,1.0
1082,6.749911069869995,1500.0,-1.0
1083,6.752589464187622,1500.0,-1.0
1084,6.752785682678223,1500.0,-1.0
1085,6.7551000118255615,52.0,1.0
1086,6.755394458770752,1500.0,-1.0
1087,6.755526542663574,1500.0,-1.0
1088,6.755713939666748,1500.0,-1.0
1089,6.75818657875061,1500.0,-1.0
1090,6.7583842277526855,1500.0,-1.0
1091,6.760693311691284,1500.0,-1.0
1092,6.760896921157837,1500.0,-1.0
1093,6.762897729873657,1500.0,-1.0
1094,6.763091802597046,1500.0,-1.0
1095,6.7649455070495605,1500.0,-1.0
1096,6.76514458656311,1500.0,-1.0
1097,6.766501188278198,1500.0,-1.0
1098,6.766691446304321,1500.0,-1.0
1099,6.767822027206421,52.0,1.0
1100,6.768386363983154,1500.0,-1.0
1101,6.768578767776489,1500.0,-1.0
1102,6.7702813148498535,1500.0,-1.0
1103,6.770476341247559,1500.0,-1.0
1104,6.771636962890625,52.0,1.0
1105,6.772061347961426,1500.0,-1.0
1106,6.773672819137573,52.0,1.0
1107,6.7738869190216064,1500.0,-1.0
1108,6.774086952209473,1500.0,-1.0
1109,6.7757649421691895,1500.0,-1.0
1110,6.775959491729736,1500.0,-1.0
1111,6.781674146652222,1500.0,-1.0
1112,6.781876087188721,1500.0,-1.0
1113,6.782599210739136,1500.0,-1.0
1114,6.782736539840698,52.0,1.0
1115,6.78279709815979,1500.0,-1.0
1116,6.784467935562134,1500.0,-1.0
1117,6.784660577774048,1500.0,-1.0
1118,6.78634238243103,1500.0,-1.0
1119,6.786534786224365,1500.0,-1.0
1120,6.788252830505371,1500.0,-1.0
1121,6.788444519042969,1500.0,-1.0
1122,6.789668321609497,52.0,1.0
1123,6.790132999420166,1500.0,-1.0
1124,6.790329694747925,1500.0,-1.0
1125,6.791897535324097,1500.0,-1.0
1126,6.792088508605957,1500.0,-1.0
1127,6.793781757354736,1500.0,-1.0
1128,6.793974876403809,1500.0,-1.0
1129,6.795639514923096,1500.0,-1.0
1130,6.795837163925171,1500.0,-1.0
1131,6.7975404262542725,1500.0,-1.0
1132,6.7977495193481445,1500.0,-1.0
1133,6.79860520362854,133.0,-1.0
1134,6.7986063957214355,78.0,-1.0
1135,6.799409627914429,1500.0,-1.0
1136,6.799600124359131,1500.0,-1.0
1137,6.8005149364471436,52.0,1.0
1138,6.801193952560425,1500.0,-1.0
1139,6.801393032073975,1500.0,-1.0
1140,6.80329442024231,1500.0,-1.0
1141,6.803497314453125,1500.0,-1.0
1142,6.835931062698364,52.0,1.0
1143,6.83720588684082,52.0,1.0
1144,6.838186979293823,52.0,1.0
1145,6.8391687870025635,52.0,1.0
1146,6.840756177902222,52.0,1.0
1147,6.841534852981567,52.0,1.0
1148,6.8416125774383545,52.0,1.0
1149,6.842729568481445,52.0,1.0
1150,6.843820810317993,52.0,1.0
1151,6.845494031906128,52.0,1.0
1152,6.8464436531066895,52.0,1.0
1153,6.8473944664001465,52.0,1.0
1154,6.849506616592407,40.0,1.0
1155,6.849530935287476,1500.0,-1.0
1156,6.849730491638184,1500.0,-1.0
1157,6.850871562957764,1500.0,-1.0
1158,6.851070404052734,1500.0,-1.0
1159,6.851225137710571,52.0,1.0
1160,6.85267972946167,52.0,1.0
1161,6.853097438812256,1500.0,-1.0
1162,6.8532867431640625,1500.0,-1.0
1163,6.856216192245483,1500.0,-1.0
1164,6.856408596038818,1500.0,-1.0
1165,6.8596532344818115,1500.0,-1.0
1166,6.859851837158203,1500.0,-1.0
1167,6.8614490032196045,52.0,1.0
1168,6.8615851402282715,78.0,-1.0
1169,6.861624717712402,52.0,1.0
1170,6.861701011657715,52.0,1.0
1171,6.86283802986145,52.0,1.0
1172,6.863407373428345,1500.0,-1.0
1173,6.863600254058838,1500.0,-1.0
1174,6.867316484451294,1500.0,-1.0
1175,6.867517709732056,1500.0,-1.0
1176,6.868676424026489,52.0,1.0
1177,6.8708415031433105,1500.0,-1.0
1178,6.8709716796875,1500.0,-1.0
1179,6.871159791946411,1500.0,-1.0
1180,6.871490240097046,52.0,1.0
1181,6.874410390853882,1500.0,-1.0
1182,6.874603986740112,1500.0,-1.0
1183,6.877974987030029,1500.0,-1.0
1184,6.878166198730469,1500.0,-1.0
1185,6.880879163742065,1500.0,-1.0
1186,6.881072998046875,1500.0,-1.0
1187,6.883808612823486,1500.0,-1.0
1188,6.884000778198242,1500.0,-1.0
1189,6.88457179069519,52.0,1.0
1190,6.88564133644104,52.0,1.0
1191,6.886601686477661,1500.0,-1.0
1192,6.88661789894104,52.0,1.0
1193,6.886793851852417,1500.0,-1.0
1194,6.887410640716553,52.0,1.0
1195,6.888441801071167,52.0,1.0
1196,6.889231443405151,1500.0,-1.0
1197,6.889271259307861,52.0,1.0
1198,6.8894219398498535,1500.0,-1.0
1199,6.890223741531372,52.0,1.0
1200,6.8903045654296875,40.0,1.0
1201,6.8919150829315186,1500.0,-1.0
1202,6.89211106300354,1500.0,-1.0
1203,6.8922624588012695,52.0,1.0
1204,6.893994569778442,52.0,1.0
1205,6.894571781158447,1500.0,-1.0
1206,6.894779205322266,1500.0,-1.0
1207,6.89660120010376,52.0,1.0
1208,6.897230863571167,1500.0,-1.0
1209,6.897424697875977,1500.0,-1.0
1210,6.899476051330566,52.0,1.0
1211,6.899898529052734,1500.0,-1.0
1212,6.900090456008911,1500.0,-1.0
1213,6.9020912647247314,52.0,1.0
1214,6.902474403381348,1500.0,-1.0
1215,6.9026665687561035,1500.0,-1.0
1216,6.904770612716675,1500.0,-1.0
1217,6.904962778091431,1500.0,-1.0
1218,6.905272722244263,52.0,1.0
1219,6.9069201946258545,1500.0,-1.0
1220,6.906933307647705,52.0,1.0
1221,6.907108545303345,1500.0,-1.0
1222,6.909012317657471,1500.0,-1.0
1223,6.909143447875977,52.0,1.0
1224,6.909215927124023,1500.0,-1.0
1225,6.9109485149383545,1500.0,-1.0
1226,6.911160469055176,1500.0,-1.0
1227,6.91129732131958,52.0,1.0
1228,6.91283106803894,1500.0,-1.0
1229,6.9130308628082275,1500.0,-1.0
1230,6.913899898529053,52.0,1.0
1231,6.914704084396362,1500.0,-1.0
1232,6.914903402328491,1500.0,-1.0
1233,6.916428327560425,52.0,1.0
1234,6.9165143966674805,1500.0,-1.0
1235,6.916712522506714,1500.0,-1.0
1236,6.9168524742126465,52.0,1.0
1237,6.918250322341919,1500.0,-1.0
1238,6.918442726135254,1500.0,-1.0
1239,6.919937610626221,1500.0,-1.0
1240,6.920142889022827,1500.0,-1.0
1241,6.921623706817627,1500.0,-1.0
1242,6.92182183265686,1500.0,-1.0
1243,6.92326807975769,1500.0,-1.0
1244,6.924607276916504,52.0,1.0
1245,6.924690246582031,52.0,1.0
1246,6.924820899963379,1500.0,-1.0
1247,6.924858331680298,52.0,1.0
1248,6.92500901222229,1500.0,-1.0
1249,6.925047159194946,52.0,1.0
1250,6.9263529777526855,1500.0,-1.0
1251,6.9265456199646,1500.0,-1.0
1252,6.927875280380249,1500.0,-1.0
1253,6.928068161010742,1500.0,-1.0
1254,6.928925275802612,52.0,1.0
1255,6.928997278213501,52.0,1.0
1256,6.929193019866943,52.0,1.0
1257,6.929347515106201,1500.0,-1.0
1258,6.929540395736694,1500.0,-1.0
1259,6.930838584899902,1500.0,-1.0
1260,6.931030750274658,1500.0,-1.0
1261,6.932271718978882,1500.0,-1.0
1262,6.932462215423584,1500.0,-1.0
1263,6.9333884716033936,52.0,1.0
1264,6.933720827102661,1500.0,-1.0
1265,6.933912038803101,1500.0,-1.0
1266,6.93502950668335,52.0,1.0
1267,6.935164213180542,1500.0,-1.0
1268,6.935356616973877,1500.0,-1.0
1269,6.936205625534058,52.0,1.0
1270,6.936630725860596,1500.0,-1.0
1271,6.93682336807251,1500.0,-1.0
1272,6.937877655029297,52.0,1.0
1273,6.9380998611450195,52.0,1.0
1274,6.938201427459717,1500.0,-1.0
1275,6.938409090042114,1500.0,-1.0
1276,6.9395647048950195,1500.0,-1.0
1277,6.93977165222168,1500.0,-1.0
1278,6.940398931503296,52.0,1.0
1279,6.940938472747803,1500.0,-1.0
1280,6.94114351272583,1500.0,-1.0
1281,6.9414589405059814,52.0,1.0
1282,6.941535711288452,52.0,1.0
1283,6.942346096038818,1500.0,-1.0
1284,6.942541837692261,1500.0,-1.0
1285,6.94327712059021,52.0,1.0
1286,6.943809986114502,1500.0,-1.0
1287,6.944003105163574,1500.0,-1.0
1288,6.944864749908447,52.0,1.0
1289,6.945217132568359,1500.0,-1.0
1290,6.945411205291748,1500.0,-1.0
1291,6.946578741073608,1500.0,-1.0
1292,6.946779251098633,1500.0,-1.0
1293,6.947992563247681,1500.0,-1.0
1294,6.948111295700073,52.0,1.0
1295,6.948178291320801,1500.0,-1.0
1296,6.948299884796143,52.0,1.0
1297,6.948836803436279,52.0,1.0
1298,6.9493348598480225,1500.0,-1.0
1299,6.949526309967041,1500.0,-1.0
1300,6.950699329376221,1500.0,-1.0
1301,6.950900554656982,1500.0,-1.0
1302,6.95206880569458,1500.0,-1.0
1303,6.952275514602661,1500.0,-1.0
1304,6.953399896621704,1500.0,-1.0
1305,6.95359992980957,1500.0,-1.0
1306,6.95469856262207,1500.0,-1.0
1307,6.954904317855835,1500.0,-1.0
1308,6.95604395866394,1500.0,-1.0
1309,6.956176996231079,1500.0,-1.0
1310,6.956382751464844,1500.0,-1.0
1311,6.957308530807495,1500.0,-1.0
1312,6.957502841949463,1500.0,-1.0
1313,6.958571910858154,1500.0,-1.0
1314,6.958771705627441,1500.0,-1.0
1315,6.959837198257446,1500.0,-1.0
1316,6.960031270980835,1500.0,-1.0
1317,6.961748361587524,1500.0,-1.0
1318,6.9619433879852295,1500.0,-1.0
1319,6.9623119831085205,1500.0,-1.0
1320,6.962520360946655,1500.0,-1.0
1321,6.963549375534058,1500.0,-1.0
1322,6.963748931884766,1500.0,-1.0
1323,6.964725971221924,1500.0,-1.0
1324,6.964918375015259,1500.0,-1.0
1325,6.968713998794556,52.0,1.0
1326,6.969001293182373,52.0,1.0
1327,6.970111131668091,52.0,1.0
1328,6.9711689949035645,52.0,1.0
1329,6.972875118255615,52.0,1.0
1330,6.973890066146851,52.0,1.0
1331,6.974060297012329,52.0,1.0
1332,6.975820064544678,52.0,1.0
1333,6.976017475128174,52.0,1.0
1334,6.978508949279785,133.0,-1.0
1335,6.978509902954102,78.0,-1.0
1336,6.9788031578063965,52.0,1.0
1337,6.979974031448364,52.0,1.0
1338,6.981592178344727,52.0,1.0
1339,6.981845140457153,52.0,1.0
1340,6.982282876968384,1500.0,-1.0
1341,6.9824745655059814,1500.0,-1.0
1342,6.982954740524292,1500.0,-1.0
1343,6.98315167427063,1500.0,-1.0
1344,6.983735799789429,52.0,1.0
1345,6.983902215957642,52.0,1.0
1346,6.984387636184692,1500.0,-1.0
1347,6.984477996826172,40.0,1.0
1348,6.984573602676392,1500.0,-1.0
1349,6.984676122665405,40.0,1.0
1350,6.985904932022095,1500.0,-1.0
1351,6.986097812652588,1500.0,-1.0
1352,6.98747706413269,1500.0,-1.0
1353,6.987668037414551,1500.0,-1.0
1354,6.987979412078857,52.0,1.0
1355,6.989185094833374,1500.0,-1.0
1356,6.989377975463867,1500.0,-1.0
1357,6.990752696990967,52.0,1.0
1358,6.9908287525177,52.0,1.0
1359,6.990982294082642,1500.0,-1.0
1360,6.991061210632324,52.0,1.0
1361,6.99116849899292,1500.0,-1.0
1362,6.992645978927612,52.0,1.0
1363,6.992707014083862,1500.0,-1.0
1364,6.9928977489471436,1500.0,-1.0
1365,6.994425296783447,52.0,1.0
1366,6.994497776031494,52.0,1.0
1367,6.994527816772461,1500.0,-1.0
1368,6.994719743728638,1500.0,-1.0
1369,6.995001792907715,52.0,1.0
1370,6.9962944984436035,1500.0,-1.0
1371,6.996497631072998,1500.0,-1.0
1372,6.996944904327393,52.0,1.0
1373,6.998103141784668,1500.0,-1.0
1374,6.998296022415161,1500.0,-1.0
1375,6.998651742935181,52.0,1.0
1376,6.999999761581421,1500.0,-1.0
1377,7.000196933746338,1500.0,-1.0
1378,7.000349044799805,52.0,1.0
1379,7.001860618591309,1500.0,-1.0
1380,7.002053260803223,1500.0,-1.0
1381,7.002356767654419,52.0,1.0
1382,7.00362491607666,1500.0,-1.0
1383,7.003816843032837,1500.0,-1.0
1384,7.004690647125244,52.0,1.0
1385,7.005406856536865,1500.0,-1.0
1386,7.005890846252441,52.0,1.0
1387,7.006933212280273,1500.0,-1.0
1388,7.007125616073608,1500.0,-1.0
1389,7.008438348770142,1500.0,-1.0
1390,7.00864577293396,1500.0,-1.0
1391,7.009836673736572,1500.0,-1.0
1392,7.010030746459961,1500.0,-1.0
1393,7.010419130325317,52.0,1.0
1394,7.010496616363525,52.0,1.0
1395,7.011176586151123,1500.0,-1.0
1396,7.011371850967407,1500.0,-1.0
1397,7.011675596237183,52.0,1.0
1398,7.012459993362427,1500.0,-1.0
1399,7.012653350830078,1500.0,-1.0
1400,7.0129711627960205,52.0,1.0
1401,7.0137505531311035,1500.0,-1.0
1402,7.01394248008728,1500.0,-1.0
1403,7.014513969421387,52.0,1.0
1404,7.015007019042969,1500.0,-1.0
1405,7.015199899673462,1500.0,-1.0
1406,7.015509128570557,52.0,1.0
1407,7.016273498535156,1500.0,-1.0
1408,7.016464710235596,1500.0,-1.0
1409,7.017479419708252,1500.0,-1.0
1410,7.017669439315796,1500.0,-1.0
1411,7.01799750328064,52.0,1.0
1412,7.01860237121582,52.0,1.0
1413,7.018704891204834,1500.0,-1.0
1414,7.0189032554626465,1500.0,-1.0
1415,7.0194268226623535,52.0,1.0
1416,7.0199198722839355,1500.0,-1.0
1417,7.020122766494751,1500.0,-1.0
1418,7.020899534225464,52.0,1.0
1419,7.0212318897247314,1500.0,-1.0
1420,7.021423578262329,1500.0,-1.0
1421,7.021926641464233,52.0,1.0
1422,7.022311210632324,1500.0,-1.0
1423,7.02250337600708,1500.0,-1.0
1424,7.023496389389038,1500.0,-1.0
1425,7.0236899852752686,1500.0,-1.0
1426,7.024749517440796,1500.0,-1.0
1427,7.024941921234131,1500.0,-1.0
1428,7.025899410247803,1500.0,-1.0
1429,7.026094198226929,1500.0,-1.0
1430,7.027060508728027,1500.0,-1.0
1431,7.0272533893585205,1500.0,-1.0
1432,7.028207063674927,1500.0,-1.0
1433,7.028404235839844,1500.0,-1.0
1434,7.029423236846924,1500.0,-1.0
1435,7.029629230499268,1500.0,-1.0
1436,7.029764652252197,52.0,1.0
1437,7.02984094619751,52.0,1.0
1438,7.030463695526123,1500.0,-1.0
1439,7.0306549072265625,1500.0,-1.0
1440,7.03159499168396,1500.0,-1.0
1441,7.031787395477295,1500.0,-1.0
1442,7.032801866531372,1500.0,-1.0
1443,7.032994747161865,1500.0,-1.0
1444,7.033844470977783,1500.0,-1.0
1445,7.033971786499023,1500.0,-1.0
1446,7.034164190292358,1500.0,-1.0
1447,7.034933090209961,1500.0,-1.0
1448,7.035125494003296,1500.0,-1.0
1449,7.0360541343688965,1500.0,-1.0
1450,7.03624701499939,1500.0,-1.0
1451,7.03709602355957,1500.0,-1.0
1452,7.037288427352905,1500.0,-1.0
1453,7.043515205383301,1500.0,-1.0
1454,7.043712139129639,1500.0,-1.0
1455,7.043938159942627,1500.0,-1.0
1456,7.044127702713013,1500.0,-1.0
1457,7.0459816455841064,272.0,1.0
1458,7.046661615371704,176.0,1.0
1459,7.04667592048645,1500.0,1.0
1460,7.0466883182525635,1500.0,1.0
1461,7.046701192855835,1500.0,1.0
1462,7.0467140674591064,61.0,1.0
1463,7.046797275543213,52.0,1.0
1464,7.047806024551392,52.0,1.0
1465,7.049504041671753,52.0,1.0
1466,7.050495624542236,52.0,1.0
1467,7.051578760147095,52.0,1.0
1468,7.0526251792907715,52.0,1.0
1469,7.053408145904541,52.0,1.0
1470,7.057424783706665,52.0,1.0
1471,7.057586193084717,52.0,1.0
1472,7.057661294937134,52.0,1.0
1473,7.057736158370972,52.0,1.0
1474,7.058436870574951,52.0,1.0
1475,7.058599233627319,52.0,1.0
1476,7.060948848724365,1500.0,-1.0
1477,7.061155796051025,1500.0,-1.0
1478,7.061663389205933,1500.0,-1.0
1479,7.061861515045166,1500.0,-1.0
1480,7.062411308288574,40.0,-1.0
1481,7.0626678466796875,40.0,-1.0
1482,7.062808990478516,40.0,-1.0
1483,7.063015937805176,1500.0,-1.0
1484,7.0632102489471436,1500.0,-1.0
1485,7.0643792152404785,1500.0,-1.0
1486,7.0645716190338135,1500.0,-1.0
1487,7.065837860107422,52.0,1.0
1488,7.065872669219971,1500.0,-1.0
1489,7.066017150878906,52.0,1.0
1490,7.066070079803467,1500.0,-1.0
1491,7.066199064254761,52.0,1.0
1492,7.066274881362915,52.0,1.0
1493,7.06635046005249,52.0,1.0
1494,7.067505598068237,1500.0,-1.0
1495,7.0677056312561035,1500.0,-1.0
1496,7.067915916442871,1500.0,1.0
1497,7.068425416946411,1500.0,1.0
1498,7.068440914154053,1500.0,1.0
1499,7.0690758228302,1500.0,1.0
1500,7.069100856781006,1500.0,1.0
1501,7.0691070556640625,1500.0,-1.0
1502,7.069114923477173,1500.0,1.0
1503,7.0691258907318115,52.0,1.0
1504,7.06920862197876,52.0,1.0
1505,7.0693278312683105,1500.0,-1.0
1506,7.0708301067352295,52.0,1.0
1507,7.07103705406189,1500.0,-1.0
1508,7.071229934692383,1500.0,-1.0
1509,7.071603298187256,52.0,1.0
1510,7.072359323501587,52.0,1.0
1511,7.072749376296997,1500.0,-1.0
1512,7.072942018508911,1500.0,-1.0
1513,7.073450326919556,52.0,1.0
1514,7.074533224105835,1500.0,-1.0
1515,7.074725866317749,1500.0,-1.0
1516,7.075037717819214,52.0,1.0
1517,7.076415300369263,1500.0,-1.0
1518,7.076627969741821,1500.0,-1.0
1519,7.076765060424805,52.0,1.0
1520,7.078123569488525,1500.0,-1.0
1521,7.0783140659332275,1500.0,-1.0
1522,7.07970404624939,1500.0,-1.0
1523,7.079904794692993,1500.0,-1.0
1524,7.080791711807251,52.0,1.0
1525,7.081505060195923,1500.0,-1.0
1526,7.081613302230835,52.0,1.0
1527,7.081692695617676,1500.0,-1.0
1528,7.082752466201782,52.0,1.0
1529,7.083159446716309,1500.0,-1.0
1530,7.083352565765381,1500.0,-1.0
1531,7.0842201709747314,52.0,1.0
1532,7.0843188762664795,40.0,-1.0
1533,7.0845866203308105,1500.0,-1.0
1534,7.084779977798462,1500.0,-1.0
1535,7.0849769115448,40.0,-1.0
1536,7.085249185562134,52.0,1.0
1537,7.085356950759888,40.0,-1.0
1538,7.085890769958496,492.0,-1.0
1539,7.086040258407593,1500.0,-1.0
1540,7.086231231689453,1500.0,-1.0
1541,7.086289882659912,1500.0,1.0
1542,7.087231159210205,1500.0,1.0
1543,7.087375164031982,1500.0,-1.0
1544,7.087570905685425,1500.0,-1.0
1545,7.0886383056640625,1500.0,-1.0
1546,7.088830232620239,1500.0,-1.0
1547,7.089941740036011,1500.0,-1.0
1548,7.090122699737549,1500.0,-1.0
1549,7.091203451156616,1500.0,-1.0
1550,7.091374158859253,1500.0,-1.0
1551,7.092352390289307,1500.0,-1.0
1552,7.092545509338379,1500.0,-1.0
1553,7.093393087387085,52.0,1.0
1554,7.09360408782959,1500.0,-1.0
1555,7.093713045120239,1500.0,1.0
1556,7.093730688095093,1500.0,1.0
1557,7.093743801116943,232.0,1.0
1558,7.0938262939453125,1500.0,-1.0
1559,7.093914270401001,52.0,1.0
1560,7.0939881801605225,52.0,1.0
1561,7.094069480895996,52.0,1.0
1562,7.094735145568848,1500.0,-1.0
1563,7.094927072525024,1500.0,-1.0
1564,7.095691919326782,52.0,1.0
1565,7.095943927764893,1500.0,-1.0
1566,7.096138954162598,1500.0,-1.0
1567,7.096862077713013,52.0,1.0
1568,7.097136735916138,1500.0,-1.0
1569,7.097342491149902,1500.0,-1.0
1570,7.098264217376709,1500.0,-1.0
1571,7.09846830368042,1500.0,-1.0
1572,7.098844528198242,52.0,1.0
1573,7.0994553565979,1500.0,-1.0
1574,7.099514484405518,52.0,1.0
1575,7.099656820297241,1500.0,-1.0
1576,7.100021600723267,52.0,1.0
1577,7.100571155548096,1500.0,-1.0
1578,7.100785255432129,1500.0,-1.0
1579,7.101597547531128,52.0,1.0
1580,7.101885795593262,1500.0,-1.0
1581,7.102106094360352,1500.0,-1.0
1582,7.102429628372192,52.0,1.0
1583,7.103041887283325,1500.0,-1.0
1584,7.103153705596924,1500.0,-1.0
1585,7.103154897689819,40.0,-1.0
1586,7.103336334228516,52.0,1.0
1587,7.1042304039001465,1500.0,-1.0
1588,7.104433536529541,1500.0,-1.0
1589,7.107398271560669,1500.0,-1.0
1590,7.107601642608643,1500.0,-1.0
1591,7.107840299606323,1500.0,-1.0
1592,7.1080286502838135,1500.0,-1.0
1593,7.108981370925903,1500.0,-1.0
1594,7.109172582626343,1500.0,-1.0
1595,7.109679222106934,52.0,1.0
1596,7.109723329544067,40.0,-1.0
1597,7.109812021255493,52.0,1.0
1598,7.110132694244385,1500.0,-1.0
1599,7.110342502593994,1500.0,-1.0
1600,7.1113808155059814,1500.0,-1.0
1601,7.111589670181274,1500.0,-1.0
1602,7.112216472625732,1500.0,-1.0
1603,7.112418174743652,1500.0,-1.0
1604,7.113263368606567,1500.0,-1.0
1605,7.1143412590026855,1500.0,-1.0
1606,7.114549398422241,1500.0,-1.0
1607,7.115447282791138,1500.0,-1.0
1608,7.115650415420532,1500.0,-1.0
1609,7.116548299789429,1500.0,-1.0
1610,7.116761207580566,1500.0,-1.0
1611,7.117673635482788,1500.0,-1.0
1612,7.117879867553711,1500.0,-1.0
1613,7.118870496749878,1500.0,-1.0
1614,7.119067668914795,1500.0,-1.0
1615,7.119863033294678,1500.0,-1.0
1616,7.120067358016968,1500.0,-1.0
1617,7.123376369476318,1500.0,-1.0
1618,7.123573303222656,1500.0,-1.0
1619,7.1238508224487305,1500.0,-1.0
1620,7.124040126800537,1500.0,-1.0
1621,7.126335620880127,52.0,1.0
1622,7.126438617706299,52.0,1.0
1623,7.140038251876831,1500.0,-1.0
1624,7.140216588973999,1500.0,-1.0
1625,7.140592098236084,1500.0,-1.0
1626,7.140809535980225,1500.0,-1.0
1627,7.148396730422974,133.0,-1.0
1628,7.148399591445923,78.0,-1.0
1629,7.160475969314575,52.0,1.0
1630,7.1742167472839355,1500.0,-1.0
1631,7.194782018661499,133.0,-1.0
1632,7.194785118103027,78.0,-1.0
1633,7.207113742828369,232.0,1.0
1634,7.207343339920044,64.0,1.0
1635,7.207490682601929,64.0,1.0
1636,7.207571744918823,64.0,1.0
1637,7.20764422416687,64.0,1.0
1638,7.207725763320923,64.0,1.0
1639,7.2078001499176025,64.0,1.0
1640,7.207891225814819,64.0,1.0
1641,7.207962989807129,64.0,1.0
1642,7.220428228378296,52.0,1.0
1643,7.220964670181274,1500.0,-1.0
1644,7.221170902252197,1500.0,-1.0
1645,7.22232460975647,1500.0,-1.0
1646,7.222548246383667,1500.0,-1.0
1647,7.22268271446228,40.0,-1.0
1648,7.226386547088623,1500.0,-1.0
1649,7.261652231216431,171.0,-1.0
1650,7.3348236083984375,40.0,1.0
1651,7.501679420471191,133.0,-1.0
1652,7.514435768127441,1500.0,-1.0
1653,7.981757402420044,133.0,-1.0
1654,8.06456446647644,52.0,1.0
1655,8.098499774932861,1500.0,-1.0
1656,8.240121126174927,40.0,1.0
1657,8.911679983139038,133.0,-1.0
1658,8.968472003936768,52.0,1.0
1659,9.251596927642822,52.0,1.0
1660,9.251796245574951,64.0,1.0
1661,9.251883745193481,60.0,1.0
1662,9.265390157699585,1500.0,-1.0
1663,9.265587568283081,1500.0,-1.0
1664,9.267333984375,170.0,-1.0
1665,9.286360263824463,72.0,1.0
1666,9.286528825759888,72.0,1.0
1667,9.286605596542358,52.0,1.0
1668,9.299967765808105,1500.0,-1.0
1669,9.300154209136963,1500.0,-1.0
1670,9.301462173461914,64.0,1.0
1671,9.302698612213135,64.0,1.0
1672,9.315052032470703,1500.0,-1.0
1673,9.315253257751465,1500.0,-1.0
1674,9.31674599647522,64.0,1.0
1675,9.316970825195312,64.0,1.0
1676,9.317688941955566,1500.0,-1.0
1677,9.317882061004639,1500.0,-1.0
1678,9.319444417953491,64.0,1.0
1679,9.319690465927124,64.0,1.0
1680,9.33035397529602,1500.0,-1.0
1681,9.33054780960083,1500.0,-1.0
1682,9.332580804824829,1500.0,-1.0
1683,9.332731008529663,64.0,1.0
1684,9.332793712615967,1500.0,-1.0
1685,9.333149909973145,64.0,1.0
1686,9.334559202194214,64.0,1.0
1687,9.334642171859741,64.0,1.0
1688,9.336700677871704,1500.0,-1.0
1689,9.336904764175415,1500.0,-1.0
1690,9.338595151901245,64.0,1.0
1691,9.339038848876953,64.0,1.0
1692,9.340247631072998,1500.0,-1.0
1693,9.34044361114502,1500.0,-1.0
1694,9.343705415725708,64.0,1.0
1695,9.34644365310669,1500.0,-1.0
1696,9.3466477394104,1500.0,-1.0
1697,9.349402666091919,1500.0,-1.0
1698,9.34959077835083,1500.0,-1.0
1699,9.352388620376587,64.0,1.0
1700,9.354017496109009,1500.0,-1.0
1701,9.354212045669556,1500.0,-1.0
1702,9.358431100845337,1500.0,-1.0
1703,9.35862684249878,1500.0,-1.0
1704,9.362586736679077,1500.0,-1.0
1705,9.362779140472412,1500.0,-1.0
1706,9.36633825302124,64.0,1.0
1707,9.366844177246094,1500.0,-1.0
1708,9.367035865783691,1500.0,-1.0
1709,9.36772871017456,64.0,1.0
1710,9.367809057235718,64.0,1.0
1711,9.368749380111694,64.0,1.0
1712,9.368833065032959,64.0,1.0
1713,9.369750022888184,64.0,1.0
1714,9.369828939437866,64.0,1.0
1715,9.370828628540039,64.0,1.0
1716,9.370906829833984,64.0,1.0
1717,9.371249675750732,1500.0,-1.0
1718,9.371445655822754,1500.0,-1.0
1719,9.37200665473938,64.0,1.0
1720,9.372172832489014,64.0,1.0
1721,9.373459339141846,64.0,1.0
1722,9.373541831970215,64.0,1.0
1723,9.373706102371216,64.0,1.0
1724,9.375505685806274,1500.0,-1.0
1725,9.375698566436768,1500.0,-1.0
1726,9.377107620239258,64.0,1.0
1727,9.378370523452759,52.0,1.0
1728,9.380028009414673,1500.0,-1.0
1729,9.380220174789429,1500.0,-1.0
1730,9.38199782371521,52.0,1.0
1731,9.38431429862976,1500.0,-1.0
1732,9.38451862335205,1500.0,-1.0
1733,9.386533260345459,52.0,1.0
1734,9.388054370880127,1500.0,-1.0
1735,9.388249635696411,1500.0,-1.0
1736,9.391270637512207,1500.0,-1.0
1737,9.391461610794067,1500.0,-1.0
1738,9.392538070678711,52.0,1.0
1739,9.393677711486816,52.0,1.0
1740,9.394209146499634,1500.0,-1.0
1741,9.394333600997925,1500.0,-1.0
1742,9.394538879394531,1500.0,-1.0
1743,9.397139072418213,1500.0,-1.0
1744,9.397335290908813,1500.0,-1.0
1745,9.397951602935791,52.0,1.0
1746,9.399152755737305,52.0,1.0
1747,9.399877071380615,1500.0,-1.0
1748,9.400067329406738,1500.0,-1.0
1749,9.401590585708618,52.0,1.0
1750,9.402675151824951,1500.0,-1.0
1751,9.402874231338501,1500.0,-1.0
1752,9.404314994812012,52.0,1.0
1753,9.405254125595093,1500.0,-1.0
1754,9.405447483062744,1500.0,-1.0
1755,9.407396793365479,52.0,1.0
1756,9.407874822616577,1500.0,-1.0
1757,9.40806794166565,1500.0,-1.0
1758,9.409823179244995,52.0,1.0
1759,9.410375356674194,1500.0,-1.0
1760,9.410569429397583,1500.0,-1.0
1761,9.41214895248413,52.0,1.0
1762,9.412904977798462,1500.0,-1.0
1763,9.413102626800537,1500.0,-1.0
1764,9.414866209030151,52.0,1.0
1765,9.415216207504272,1500.0,-1.0
1766,9.415409564971924,1500.0,-1.0
1767,9.41754698753357,1500.0,-1.0
1768,9.417749404907227,1500.0,-1.0
1769,9.418064832687378,52.0,1.0
1770,9.419872045516968,1500.0,-1.0
1771,9.420056104660034,1500.0,-1.0
1772,9.422082901000977,1500.0,-1.0
1773,9.422285079956055,1500.0,-1.0
1774,9.422430276870728,52.0,1.0
1775,9.423085927963257,52.0,1.0
1776,9.424372434616089,1500.0,-1.0
1777,9.424565076828003,1500.0,-1.0
1778,9.426517248153687,1500.0,-1.0
1779,9.426711320877075,1500.0,-1.0
1780,9.428699016571045,1500.0,-1.0
1781,9.428903579711914,1500.0,-1.0
1782,9.430315971374512,52.0,1.0
1783,9.430751085281372,1500.0,-1.0
1784,9.430942296981812,1500.0,-1.0
1785,9.432816743850708,1500.0,-1.0
1786,9.433017492294312,1500.0,-1.0
1787,9.434903860092163,1500.0,-1.0
1788,9.435096263885498,1500.0,-1.0
1789,9.43691349029541,1500.0,-1.0
1790,9.437105178833008,1500.0,-1.0
1791,9.43896484375,1500.0,-1.0
1792,9.439165115356445,1500.0,-1.0
1793,9.441023588180542,1500.0,-1.0
1794,9.441218137741089,1500.0,-1.0
1795,9.443950414657593,1500.0,-1.0
1796,9.444156646728516,1500.0,-1.0
1797,9.44602656364441,52.0,1.0
1798,9.447999000549316,52.0,1.0
1799,9.448246479034424,52.0,1.0
1800,9.450279235839844,52.0,1.0
1801,9.450560569763184,52.0,1.0
1802,9.451717376708984,52.0,1.0
1803,9.452768087387085,52.0,1.0
1804,9.45381784439087,52.0,1.0
1805,9.454851627349854,52.0,1.0
1806,9.456310749053955,52.0,1.0
1807,9.460408449172974,1500.0,-1.0
1808,9.460601329803467,1500.0,-1.0
1809,9.462026357650757,52.0,1.0
1810,9.462224960327148,1500.0,-1.0
1811,9.46242070198059,1500.0,-1.0
1812,9.463653087615967,1500.0,-1.0
1813,9.46384596824646,1500.0,-1.0
1814,9.46415638923645,52.0,1.0
1815,9.465046644210815,52.0,1.0
1816,9.465632200241089,639.0,-1.0
1817,9.46713376045227,52.0,1.0
1818,9.744542598724365,52.0,1.0
1819,9.973477125167847,40.0,1.0
1820,10.74781322479248,86.0,-1.0
1821,10.752873659133911,52.0,1.0
1822,10.76868462562561,78.0,-1.0
1823,10.770113229751587,52.0,1.0
1824,10.785886526107788,133.0,-1.0
1825,10.785890817642212,78.0,-1.0
1826,10.787697553634644,52.0,1.0
1827,10.787944078445435,40.0,1.0
1828,10.802514791488647,86.0,1.0
1829,10.808767080307007,272.0,1.0
1830,10.809008836746216,176.0,1.0
1831,10.809719324111938,1500.0,1.0
1832,10.809975385665894,1500.0,1.0
1833,10.811294555664062,1500.0,1.0
1834,10.824591636657715,40.0,-1.0
1835,10.825608253479004,40.0,-1.0
1836,10.827036380767822,250.0,1.0
1837,10.827203035354614,40.0,-1.0
1838,10.891685247421265,40.0,-1.0
1839,11.262933492660522,208.0,-1.0
1840,11.263388872146606,1500.0,-1.0
1841,11.286356925964355,40.0,1.0
1842,11.302217960357666,540.0,-1.0
1843,11.343618154525757,272.0,1.0
1844,11.344058275222778,176.0,1.0
1845,11.344084739685059,1500.0,1.0
1846,11.346039295196533,1500.0,1.0
1847,11.346080780029297,1500.0,1.0
1848,11.359419345855713,40.0,-1.0
1849,11.359731674194336,40.0,-1.0
1850,11.359960079193115,40.0,-1.0
1851,11.36203932762146,40.0,-1.0
1852,11.362041473388672,40.0,-1.0
1853,11.37137770652771,413.0,1.0
1854,11.371624946594238,93.0,1.0
1855,11.387403726577759,40.0,-1.0
1856,11.388339757919312,269.0,-1.0
1857,11.388345956802368,93.0,-1.0
1858,11.396966934204102,93.0,1.0
1859,11.397159576416016,40.0,1.0
1860,11.443788051605225,60.0,1.0
1861,11.443908452987671,60.0,1.0
1862,11.460015296936035,52.0,-1.0
1863,11.460016965866089,52.0,-1.0
1864,11.461395502090454,40.0,1.0
1865,11.461472272872925,40.0,1.0
1866,11.464662313461304,290.0,1.0
1867,11.46933650970459,290.0,1.0
1868,11.477905750274658,40.0,-1.0
1869,11.477906703948975,40.0,-1.0
1870,11.481519937515259,40.0,-1.0
1871,11.482808828353882,132.0,-1.0
1872,11.482810020446777,1500.0,-1.0
1873,11.482895374298096,1478.0,-1.0
1874,11.482897520065308,378.0,-1.0
1875,11.482898235321045,49.0,-1.0
1876,11.484375953674316,40.0,1.0
1877,11.485016107559204,40.0,1.0
1878,11.485549211502075,40.0,1.0
1879,11.485629081726074,40.0,1.0
1880,11.485771417617798,40.0,1.0
1881,11.486136198043823,40.0,-1.0
1882,11.487449169158936,132.0,-1.0
1883,11.487450122833252,1500.0,-1.0
1884,11.487534999847412,1478.0,-1.0
1885,11.487536907196045,378.0,-1.0
1886,11.487537860870361,49.0,-1.0
1887,11.494012355804443,40.0,1.0
1888,11.494093179702759,40.0,1.0
1889,11.494245529174805,40.0,1.0
1890,11.494385242462158,40.0,1.0
1891,11.494460105895996,40.0,1.0
1892,11.573485136032104,134.0,-1.0
1893,11.573486089706421,78.0,-1.0
1894,11.580351829528809,40.0,1.0
1895,11.60068941116333,190.0,1.0
1896,11.600851058959961,190.0,1.0
1897,11.617269277572632,46.0,-1.0
1898,11.617271423339844,46.0,-1.0
1899,11.61727261543274,109.0,-1.0
1900,11.617273569107056,109.0,-1.0
1901,11.619172096252441,40.0,1.0
1902,11.619245052337646,40.0,1.0
1903,11.619441509246826,40.0,1.0
1904,11.619591474533081,40.0,1.0
1905,11.621602773666382,429.0,1.0
1906,11.623018026351929,413.0,1.0
1907,11.640580415725708,269.0,-1.0
1908,11.640581369400024,93.0,-1.0
1909,11.64357852935791,93.0,1.0
1910,11.64365839958191,40.0,1.0
1911,11.660189628601074,253.0,-1.0
1912,11.66019082069397,1500.0,-1.0
1913,11.660287380218506,1500.0,-1.0
1914,11.660289764404297,245.0,-1.0
1915,11.661455392837524,957.0,-1.0
1916,11.66145634651184,93.0,-1.0
1917,11.662282228469849,40.0,1.0
1918,11.662941694259644,40.0,1.0
1919,11.666836261749268,40.0,1.0
